accuracy_score: 0.5885311635323359
balanced_accuracy_score: 0.34896517373884745
cohen_kappa_score: 0.4590094110098638
