accuracy_score: 0.7200206349950757
balanced_accuracy_score: 0.5494264963839368
cohen_kappa_score: 0.6435212045666343
