accuracy_score: 0.4729517422501524
balanced_accuracy_score: 0.17427659493580205
cohen_kappa_score: 0.2765829998375493
