accuracy_score: 0.7241241851521831
balanced_accuracy_score: 0.5519729227576815
cohen_kappa_score: 0.6484162759638712
