accuracy_score: 0.7235145148431271
balanced_accuracy_score: 0.5544370075698108
cohen_kappa_score: 0.6475393156517582
