accuracy_score: 0.724581437883975
balanced_accuracy_score: 0.5799652038595012
cohen_kappa_score: 0.6515930152316391
